    FREQUENCIES: 
A: 0.08768333990119 
R: 0.0405129182960021 
N: 0.0408784631518651 
D: 0.0477160345974603 
C: 0.0324709539656211 
Q: 0.0378461268859548 
E: 0.0504933695605074 
G: 0.0898249006830963 
H: 0.0328588505954496 
I: 0.0357514442352249 
L: 0.0852464099207531 
K: 0.0791031344407513 
M: 0.0148824394639692 
F: 0.0410010190895639 
P: 0.0515802694709073 
S: 0.0697549720598532 
T: 0.0583275704247605 
W: 0.00931264523877659 
Y: 0.0317154088087089 
V: 0.0630397292098708 
